Team-specific HFA validation report -- as of 2026-10-05
national FBS baseline H_FBS = 1.1277  (1.0000 would mean home teams win exactly as often as neutral Elo expects)
138 teams

== adjusted_hfa DESC ==
team                            raw  adjusted    N_eff  lambda  baseline  games
Georgia Southern             1.2982    1.2248     39.7   0.569    1.1277     59
Jacksonville State           1.3813    1.2189     16.9   0.360    1.1277     19
Wyoming                      1.2540    1.2155     68.5   0.695    1.1277    235
Hawai'i                      1.2419    1.2114     82.3   0.733    1.1277    292
Kennesaw State               1.4600    1.2110     10.0   0.251    1.1277     11
SMU                          1.2379    1.2056     72.3   0.707    1.1277    234
Navy                         1.2335    1.1996     63.7   0.680    1.1277    204
Arizona State                1.2270    1.1991     76.9   0.719    1.1277    275
Missouri                     1.2252    1.1987     80.2   0.728    1.1277    269
Arkansas State               1.2325    1.1977     60.3   0.668    1.1277    154
Kansas State                 1.2215    1.1955     78.0   0.722    1.1277    253
NC State                     1.2195    1.1943     79.1   0.725    1.1277    257
LSU                          1.2152    1.1925     85.6   0.740    1.1277    294
South Carolina               1.2161    1.1925     82.4   0.733    1.1277    273
Oregon                       1.2041    1.1828     77.5   0.721    1.1277    255
Florida                      1.2022    1.1815     78.2   0.723    1.1277    277
Stanford                     1.2004    1.1803     78.8   0.724    1.1277    268
Utah State                   1.2036    1.1794     63.9   0.680    1.1277    191
Washington                   1.1977    1.1790     82.1   0.732    1.1277    279
Iowa                         1.1950    1.1773     84.4   0.738    1.1277    276
Ole Miss                     1.1953    1.1773     82.5   0.733    1.1277    269
BYU                          1.1947    1.1751     72.5   0.707    1.1277    260
Toledo                       1.1953    1.1750     69.9   0.700    1.1277    235
West Virginia                1.1922    1.1738     75.0   0.714    1.1277    262
Iowa State                   1.1876    1.1710     78.2   0.723    1.1277    258
Minnesota                    1.1859    1.1705     83.5   0.736    1.1277    273
USC                          1.1844    1.1700     88.4   0.747    1.1277    284
Michigan                     1.1813    1.1683     93.6   0.757    1.1277    306
Texas                        1.1820    1.1680     86.5   0.742    1.1277    286
UAB                          1.1894    1.1677     55.4   0.649    1.1277    131
California                   1.1827    1.1668     74.0   0.711    1.1277    254
Memphis                      1.1805    1.1654     75.3   0.715    1.1277    246
Miami (FL)                   1.1749    1.1617     77.1   0.720    1.1277    260
UTSA                         1.1825    1.1615     48.2   0.616    1.1277     76
Oklahoma State               1.1719    1.1594     76.3   0.718    1.1277    250
Ohio                         1.1716    1.1576     64.3   0.682    1.1277    212
North Dakota State           1.5772    1.1557      2.0   0.062    1.1277      2
Appalachian State            1.1721    1.1534     41.1   0.578    1.1277     63
Texas A&M                    1.1624    1.1532     83.7   0.736    1.1277    273
San Jose State               1.1654    1.1531     62.5   0.676    1.1277    180
Arizona                      1.1621    1.1523     75.9   0.717    1.1277    269
Delaware                     1.2577    1.1514      6.7   0.182    1.1277      7
Texas Tech                   1.1603    1.1508     73.6   0.711    1.1277    251
Indiana                      1.1582    1.1498     78.5   0.724    1.1277    265
Louisiana Tech               1.1600    1.1492     59.4   0.665    1.1277    163
Northwestern                 1.1579    1.1490     71.5   0.705    1.1277    254
UCF                          1.1532    1.1454     68.2   0.695    1.1277    153
North Texas                  1.1534    1.1451     62.8   0.677    1.1277    154
Oklahoma                     1.1501    1.1441     82.5   0.733    1.1277    280
Marshall                     1.1517    1.1440     63.1   0.678    1.1277    149
Clemson                      1.1484    1.1427     79.2   0.725    1.1277    259
Boise State                  1.1489    1.1426     70.9   0.703    1.1277    165
Notre Dame                   1.1461    1.1414     87.8   0.745    1.1277    295
Cincinnati                   1.1453    1.1402     74.6   0.713    1.1277    223
Ohio State                   1.1443    1.1402     92.8   0.756    1.1277    310
Utah                         1.1451    1.1401     72.9   0.708    1.1277    243
Georgia                      1.1443    1.1396     77.2   0.720    1.1277    275
Kentucky                     1.1424    1.1385     84.4   0.738    1.1277    282
Syracuse                     1.1427    1.1384     75.7   0.716    1.1277    264
Oregon State                 1.1422    1.1380     73.0   0.709    1.1277    239
San Diego State              1.1419    1.1378     73.2   0.709    1.1277    242
Colorado                     1.1414    1.1375     75.2   0.715    1.1277    266
Virginia                     1.1403    1.1368     77.5   0.721    1.1277    255
Temple                       1.1406    1.1367     71.0   0.703    1.1277    219
Louisiana                    1.1403    1.1363     64.4   0.682    1.1277    182
UCLA                         1.1383    1.1355     82.4   0.733    1.1277    271
Miami (OH)                   1.1376    1.1345     64.5   0.683    1.1277    220
Fresno State                 1.1336    1.1318     66.8   0.690    1.1277    209
Tennessee                    1.1323    1.1311     87.9   0.746    1.1277    303
Nebraska                     1.1322    1.1310     87.2   0.744    1.1277    300
Alabama                      1.1320    1.1309     85.1   0.739    1.1277    292
Penn State                   1.1313    1.1304     90.4   0.751    1.1277    299
Baylor                       1.1310    1.1301     74.0   0.712    1.1277    242
Houston                      1.1310    1.1300     74.2   0.712    1.1277    245
Kansas                       1.1279    1.1278     70.9   0.703    1.1277    254
Wake Forest                  1.1234    1.1246     74.7   0.713    1.1277    233
Auburn                       1.1229    1.1241     87.1   0.744    1.1277    294
Central Michigan             1.1218    1.1237     63.1   0.678    1.1277    216
Florida State                1.1214    1.1231     80.0   0.727    1.1277    269
James Madison                1.1158    1.1229     19.9   0.398    1.1277     23
Old Dominion                 1.1174    1.1218     40.2   0.573    1.1277     60
FAU                          1.1177    1.1212     56.8   0.654    1.1277    108
Washington State             1.1171    1.1202     70.7   0.702    1.1277    239
Sam Houston                  1.0805    1.1172      8.6   0.223    1.1277     10
Middle Tennessee             1.1104    1.1164     56.2   0.652    1.1277    125
Liberty                      1.1045    1.1158     31.3   0.511    1.1277     41
Nevada                       1.1096    1.1152     66.7   0.690    1.1277    173
Colorado State               1.1095    1.1150     69.2   0.698    1.1277    229
Wisconsin                    1.1098    1.1144     85.6   0.741    1.1277    288
Mississippi State            1.1094    1.1143     80.5   0.729    1.1277    257
Air Force                    1.1080    1.1139     69.8   0.699    1.1277    245
Pittsburgh                   1.1084    1.1136     80.0   0.727    1.1277    274
Michigan State               1.1082    1.1133     84.3   0.738    1.1277    285
UConn                        1.1022    1.1108     59.3   0.664    1.1277    131
Coastal Carolina             1.0912    1.1078     35.9   0.545    1.1277     49
Tulane                       1.0976    1.1061     76.6   0.719    1.1277    256
Vanderbilt                   1.0954    1.1043     77.9   0.722    1.1277    261
Duke                         1.0927    1.1028     73.5   0.710    1.1277    243
Rice                         1.0921    1.1027     70.9   0.703    1.1277    237
Georgia Tech                 1.0904    1.1013     72.4   0.707    1.1277    248
ULM                          1.0834    1.0993     53.7   0.641    1.1277    123
Arkansas                     1.0866    1.0977     81.5   0.731    1.1277    285
Louisville                   1.0823    1.0950     77.4   0.721    1.1277    241
Virginia Tech                1.0820    1.0948     76.9   0.719    1.1277    252
Troy                         1.0718    1.0913     56.1   0.652    1.1277    112
Boston College               1.0733    1.0885     77.0   0.720    1.1277    254
FIU                          1.0621    1.0864     51.0   0.629    1.1277    102
East Carolina                1.0659    1.0846     69.2   0.697    1.1277    217
Western Michigan             1.0601    1.0820     62.5   0.676    1.1277    219
Army                         1.0584    1.0811     61.6   0.672    1.1277    208
North Carolina               1.0604    1.0799     73.6   0.711    1.1277    256
UNLV                         1.0557    1.0775     69.3   0.698    1.1277    218
South Florida                1.0479    1.0749     58.7   0.662    1.1277    125
Ball State                   1.0472    1.0736     61.3   0.672    1.1277    205
Illinois                     1.0529    1.0728     82.6   0.734    1.1277    274
New Mexico                   1.0494    1.0728     70.5   0.702    1.1277    241
TCU                          1.0477    1.0708     73.6   0.710    1.1277    248
Western Kentucky             1.0218    1.0618     49.3   0.622    1.1277     89
Sacramento State             0.0000    1.0574      2.0   0.062    1.1277      2
Tulsa                        1.0179    1.0508     70.1   0.700    1.1277    215
Northern Illinois            1.0084    1.0477     61.2   0.671    1.1277    197
Missouri State               0.5882    1.0418      5.7   0.159    1.1277      6
Purdue                       1.0101    1.0417     81.5   0.731    1.1277    275
Eastern Michigan             1.0021    1.0417     65.3   0.685    1.1277    212
New Mexico State             0.9961    1.0395     61.0   0.670    1.1277    187
Maryland                     1.0038    1.0391     75.3   0.715    1.1277    249
Texas State                  0.9743    1.0341     46.9   0.610    1.1277     74
Rutgers                      0.9977    1.0338     77.8   0.722    1.1277    245
Kent State                   0.9851    1.0334     58.5   0.661    1.1277    206
UTEP                         0.9897    1.0326     66.4   0.689    1.1277    228
South Alabama                0.9698    1.0317     46.5   0.608    1.1277     74
Buffalo                      0.9679    1.0220     58.7   0.662    1.1277    133
Akron                        0.9525    1.0105     60.6   0.669    1.1277    172
Southern Miss                0.9344    0.9938     67.6   0.693    1.1277    211
Bowling Green                0.9158    0.9838     63.5   0.679    1.1277    213
Georgia State                0.8462    0.9603     44.0   0.595    1.1277     67
Charlotte                    0.7985    0.9453     37.3   0.554    1.1277     54
Massachusetts                0.5104    0.7765     39.6   0.569    1.1277     65

== adjusted_hfa ASC ==
team                            raw  adjusted    N_eff  lambda  baseline  games
Massachusetts                0.5104    0.7765     39.6   0.569    1.1277     65
Charlotte                    0.7985    0.9453     37.3   0.554    1.1277     54
Georgia State                0.8462    0.9603     44.0   0.595    1.1277     67
Bowling Green                0.9158    0.9838     63.5   0.679    1.1277    213
Southern Miss                0.9344    0.9938     67.6   0.693    1.1277    211
Akron                        0.9525    1.0105     60.6   0.669    1.1277    172
Buffalo                      0.9679    1.0220     58.7   0.662    1.1277    133
South Alabama                0.9698    1.0317     46.5   0.608    1.1277     74
UTEP                         0.9897    1.0326     66.4   0.689    1.1277    228
Kent State                   0.9851    1.0334     58.5   0.661    1.1277    206
Rutgers                      0.9977    1.0338     77.8   0.722    1.1277    245
Texas State                  0.9743    1.0341     46.9   0.610    1.1277     74
Maryland                     1.0038    1.0391     75.3   0.715    1.1277    249
New Mexico State             0.9961    1.0395     61.0   0.670    1.1277    187
Eastern Michigan             1.0021    1.0417     65.3   0.685    1.1277    212
Purdue                       1.0101    1.0417     81.5   0.731    1.1277    275
Missouri State               0.5882    1.0418      5.7   0.159    1.1277      6
Northern Illinois            1.0084    1.0477     61.2   0.671    1.1277    197
Tulsa                        1.0179    1.0508     70.1   0.700    1.1277    215
Sacramento State             0.0000    1.0574      2.0   0.062    1.1277      2
Western Kentucky             1.0218    1.0618     49.3   0.622    1.1277     89
TCU                          1.0477    1.0708     73.6   0.710    1.1277    248
New Mexico                   1.0494    1.0728     70.5   0.702    1.1277    241
Illinois                     1.0529    1.0728     82.6   0.734    1.1277    274
Ball State                   1.0472    1.0736     61.3   0.672    1.1277    205
South Florida                1.0479    1.0749     58.7   0.662    1.1277    125
UNLV                         1.0557    1.0775     69.3   0.698    1.1277    218
North Carolina               1.0604    1.0799     73.6   0.711    1.1277    256
Army                         1.0584    1.0811     61.6   0.672    1.1277    208
Western Michigan             1.0601    1.0820     62.5   0.676    1.1277    219
East Carolina                1.0659    1.0846     69.2   0.697    1.1277    217
FIU                          1.0621    1.0864     51.0   0.629    1.1277    102
Boston College               1.0733    1.0885     77.0   0.720    1.1277    254
Troy                         1.0718    1.0913     56.1   0.652    1.1277    112
Virginia Tech                1.0820    1.0948     76.9   0.719    1.1277    252
Louisville                   1.0823    1.0950     77.4   0.721    1.1277    241
Arkansas                     1.0866    1.0977     81.5   0.731    1.1277    285
ULM                          1.0834    1.0993     53.7   0.641    1.1277    123
Georgia Tech                 1.0904    1.1013     72.4   0.707    1.1277    248
Rice                         1.0921    1.1027     70.9   0.703    1.1277    237
Duke                         1.0927    1.1028     73.5   0.710    1.1277    243
Vanderbilt                   1.0954    1.1043     77.9   0.722    1.1277    261
Tulane                       1.0976    1.1061     76.6   0.719    1.1277    256
Coastal Carolina             1.0912    1.1078     35.9   0.545    1.1277     49
UConn                        1.1022    1.1108     59.3   0.664    1.1277    131
Michigan State               1.1082    1.1133     84.3   0.738    1.1277    285
Pittsburgh                   1.1084    1.1136     80.0   0.727    1.1277    274
Air Force                    1.1080    1.1139     69.8   0.699    1.1277    245
Mississippi State            1.1094    1.1143     80.5   0.729    1.1277    257
Wisconsin                    1.1098    1.1144     85.6   0.741    1.1277    288
Colorado State               1.1095    1.1150     69.2   0.698    1.1277    229
Nevada                       1.1096    1.1152     66.7   0.690    1.1277    173
Liberty                      1.1045    1.1158     31.3   0.511    1.1277     41
Middle Tennessee             1.1104    1.1164     56.2   0.652    1.1277    125
Sam Houston                  1.0805    1.1172      8.6   0.223    1.1277     10
Washington State             1.1171    1.1202     70.7   0.702    1.1277    239
FAU                          1.1177    1.1212     56.8   0.654    1.1277    108
Old Dominion                 1.1174    1.1218     40.2   0.573    1.1277     60
James Madison                1.1158    1.1229     19.9   0.398    1.1277     23
Florida State                1.1214    1.1231     80.0   0.727    1.1277    269
Central Michigan             1.1218    1.1237     63.1   0.678    1.1277    216
Auburn                       1.1229    1.1241     87.1   0.744    1.1277    294
Wake Forest                  1.1234    1.1246     74.7   0.713    1.1277    233
Kansas                       1.1279    1.1278     70.9   0.703    1.1277    254
Houston                      1.1310    1.1300     74.2   0.712    1.1277    245
Baylor                       1.1310    1.1301     74.0   0.712    1.1277    242
Penn State                   1.1313    1.1304     90.4   0.751    1.1277    299
Alabama                      1.1320    1.1309     85.1   0.739    1.1277    292
Nebraska                     1.1322    1.1310     87.2   0.744    1.1277    300
Tennessee                    1.1323    1.1311     87.9   0.746    1.1277    303
Fresno State                 1.1336    1.1318     66.8   0.690    1.1277    209
Miami (OH)                   1.1376    1.1345     64.5   0.683    1.1277    220
UCLA                         1.1383    1.1355     82.4   0.733    1.1277    271
Louisiana                    1.1403    1.1363     64.4   0.682    1.1277    182
Temple                       1.1406    1.1367     71.0   0.703    1.1277    219
Virginia                     1.1403    1.1368     77.5   0.721    1.1277    255
Colorado                     1.1414    1.1375     75.2   0.715    1.1277    266
San Diego State              1.1419    1.1378     73.2   0.709    1.1277    242
Oregon State                 1.1422    1.1380     73.0   0.709    1.1277    239
Syracuse                     1.1427    1.1384     75.7   0.716    1.1277    264
Kentucky                     1.1424    1.1385     84.4   0.738    1.1277    282
Georgia                      1.1443    1.1396     77.2   0.720    1.1277    275
Utah                         1.1451    1.1401     72.9   0.708    1.1277    243
Ohio State                   1.1443    1.1402     92.8   0.756    1.1277    310
Cincinnati                   1.1453    1.1402     74.6   0.713    1.1277    223
Notre Dame                   1.1461    1.1414     87.8   0.745    1.1277    295
Boise State                  1.1489    1.1426     70.9   0.703    1.1277    165
Clemson                      1.1484    1.1427     79.2   0.725    1.1277    259
Marshall                     1.1517    1.1440     63.1   0.678    1.1277    149
Oklahoma                     1.1501    1.1441     82.5   0.733    1.1277    280
North Texas                  1.1534    1.1451     62.8   0.677    1.1277    154
UCF                          1.1532    1.1454     68.2   0.695    1.1277    153
Northwestern                 1.1579    1.1490     71.5   0.705    1.1277    254
Louisiana Tech               1.1600    1.1492     59.4   0.665    1.1277    163
Indiana                      1.1582    1.1498     78.5   0.724    1.1277    265
Texas Tech                   1.1603    1.1508     73.6   0.711    1.1277    251
Delaware                     1.2577    1.1514      6.7   0.182    1.1277      7
Arizona                      1.1621    1.1523     75.9   0.717    1.1277    269
San Jose State               1.1654    1.1531     62.5   0.676    1.1277    180
Texas A&M                    1.1624    1.1532     83.7   0.736    1.1277    273
Appalachian State            1.1721    1.1534     41.1   0.578    1.1277     63
North Dakota State           1.5772    1.1557      2.0   0.062    1.1277      2
Ohio                         1.1716    1.1576     64.3   0.682    1.1277    212
Oklahoma State               1.1719    1.1594     76.3   0.718    1.1277    250
UTSA                         1.1825    1.1615     48.2   0.616    1.1277     76
Miami (FL)                   1.1749    1.1617     77.1   0.720    1.1277    260
Memphis                      1.1805    1.1654     75.3   0.715    1.1277    246
California                   1.1827    1.1668     74.0   0.711    1.1277    254
UAB                          1.1894    1.1677     55.4   0.649    1.1277    131
Texas                        1.1820    1.1680     86.5   0.742    1.1277    286
Michigan                     1.1813    1.1683     93.6   0.757    1.1277    306
USC                          1.1844    1.1700     88.4   0.747    1.1277    284
Minnesota                    1.1859    1.1705     83.5   0.736    1.1277    273
Iowa State                   1.1876    1.1710     78.2   0.723    1.1277    258
West Virginia                1.1922    1.1738     75.0   0.714    1.1277    262
Toledo                       1.1953    1.1750     69.9   0.700    1.1277    235
BYU                          1.1947    1.1751     72.5   0.707    1.1277    260
Ole Miss                     1.1953    1.1773     82.5   0.733    1.1277    269
Iowa                         1.1950    1.1773     84.4   0.738    1.1277    276
Washington                   1.1977    1.1790     82.1   0.732    1.1277    279
Utah State                   1.2036    1.1794     63.9   0.680    1.1277    191
Stanford                     1.2004    1.1803     78.8   0.724    1.1277    268
Florida                      1.2022    1.1815     78.2   0.723    1.1277    277
Oregon                       1.2041    1.1828     77.5   0.721    1.1277    255
South Carolina               1.2161    1.1925     82.4   0.733    1.1277    273
LSU                          1.2152    1.1925     85.6   0.740    1.1277    294
NC State                     1.2195    1.1943     79.1   0.725    1.1277    257
Kansas State                 1.2215    1.1955     78.0   0.722    1.1277    253
Arkansas State               1.2325    1.1977     60.3   0.668    1.1277    154
Missouri                     1.2252    1.1987     80.2   0.728    1.1277    269
Arizona State                1.2270    1.1991     76.9   0.719    1.1277    275
Navy                         1.2335    1.1996     63.7   0.680    1.1277    204
SMU                          1.2379    1.2056     72.3   0.707    1.1277    234
Kennesaw State               1.4600    1.2110     10.0   0.251    1.1277     11
Hawai'i                      1.2419    1.2114     82.3   0.733    1.1277    292
Wyoming                      1.2540    1.2155     68.5   0.695    1.1277    235
Jacksonville State           1.3813    1.2189     16.9   0.360    1.1277     19
Georgia Southern             1.2982    1.2248     39.7   0.569    1.1277     59

